structure(list(Time = structure(c(57423, 57428, 57433, 57438, 
57448, 57453, 57463, 57468, 57473, 57481, 57486, 57491, 57501, 
57506, 57511, 57516, 57526, 57531, 57536, 57541, 57546, 57556, 
57561, 57566, 57571, 57576, 57586, 57591, 57596, 57601, 57606, 
57611, 57616, 57621, 57626, 57631, 57636, 57651, 57661, 57666, 
57671, 57681, 57686, 57696, 57711, 57716, 57721, 57726, 57731, 
57736, 57741, 57751, 57756, 57766, 57771, 57776, 57786, 57791, 
57796, 57801, 57811, 57816, 57821, 57826, 57836, 57841, 57846, 
57851, 57856, 57861, 57866, 57876, 57881, 57896, 57901, 57911, 
57916, 57931, 57936, 57941, 57946, 57956, 57961, 57966, 57976, 
57986, 57991, 57996, 58001, 58006, 58016, 58021, 58031, 58046, 
58051, 58066, 58071, 58076, 58086, 58091, 58096, 58101, 58106, 
58116, 58121, 58126, 58131, 58146, 58156, 58161, 58166, 58176, 
58191, 58201, 58216, 58221, 58226, 58231, 58236, 58246, 58251, 
58261, 58276, 58281, 58286, 58291, 58296, 58301, 58311, 58316, 
58331, 58336, 58341, 58346, 58351, 58366, 58376, 58381, 58386, 
58396, 58401, 58406, 58411, 58418, 58423, 58433, 58438, 58443, 
58453, 58458, 58463, 58468, 58473, 58478, 58493, 58503, 58508, 
58513, 58518, 58523, 58528, 58533, 58538, 58548, 58553, 57666, 
57676, 57681, 57696, 57711, 57721, 57731, 57736, 57751, 57756, 
57761, 57766, 57771, 57776, 57781, 57796, 57811, 57826, 57841, 
57882, 57892, 57902, 57907, 57912, 57922, 57927, 57942, 57957, 
57967, 57977, 57982, 57987, 57992, 57997, 58007, 58012, 58027, 
58042, 58052, 58057, 58062, 58077, 58082, 58087, 58092, 58097, 
58102, 58107, 58122, 58132, 58137, 58142, 58147, 58152, 58162, 
58167, 58172, 58177, 58182, 58187, 58192, 58197, 58202, 58207, 
58212, 58217, 58232, 58237, 58242, 58257, 58262, 58267, 58272, 
58277, 58282, 58287, 58292, 58297, 58307, 58317, 58327, 58332, 
58337, 58342, 58347, 58352, 58367, 58372, 58382, 58387, 58392, 
58402, 58417, 58422, 58427, 58432, 58437, 58447, 58457, 58462, 
58467, 58472, 58477, 58482, 58487, 58492, 58497, 58512, 58517, 
58527, 58532, 58537, 58542, 58547, 58552, 58557, 58562, 58572, 
58577, 58582, 58592, 58597, 58602, 58607, 58612, 58622, 58627, 
58632, 58637, 58642, 58647, 58652, 58657, 58662, 58677, 58682, 
58697, 58702, 58707, 58722, 58727, 58737, 51905, 51915, 51920, 
51925, 51935, 51940, 51955, 51960, 51965, 51970, 51975, 51985, 
52000, 52005, 52010, 52025, 52030, 52035, 52040, 52045, 52050, 
52060, 52065, 52070, 52075, 52085, 52090, 52095, 52100, 52105, 
52110, 52115, 52120, 52125, 52130, 52135, 52140, 52150, 52160, 
52165, 52170, 52175, 52180, 52185, 52190, 52195, 52205, 52215, 
52220, 52225, 52230, 52235, 52240, 52245, 52250, 52255, 52260, 
52265, 52270, 52275, 52280, 52290, 52295, 52300, 52305, 52310, 
52315, 52320, 52325, 52330, 52335, 52350, 52365, 52375, 52380, 
52385, 52390, 52395, 52410, 52415, 52420, 52425, 52430, 52440, 
52445, 52450, 52455, 52460, 52465, 52470, 52485, 52495, 52500, 
52505, 52520, 52525, 52535, 52550, 52555, 52560, 52565, 52570, 
52575, 52590, 52595, 52600, 52610, 52620, 52625, 52640, 52645, 
52650, 52655, 52660, 52665, 52675, 52690, 52700, 52715, 52720, 
52725, 52730, 52735, 52740, 52750, 52755, 52760, 52765, 52770, 
52775, 52780, 52795, 52810, 52815, 52830, 52835, 52850, 52916, 
52921, 52926, 52936, 52941, 52956, 52971, 52976, 52981, 52996, 
53011, 53021, 53026, 53031, 53036, 52385, 52390, 52395, 52410, 
52425, 52435, 52440, 52450, 52465, 52470, 52480, 52485, 52490, 
52495, 52505, 52510, 52515, 52520, 52525, 52530, 52540, 52545, 
52560, 52570, 52585, 52595, 52610, 52620, 52625, 52630, 52635, 
52640, 52655, 52660, 52670, 52680, 52685, 52690, 52705, 52710, 
52715, 52720, 52725, 52730, 52735, 52740, 52745, 52755, 52760, 
52765, 52770, 52780, 52785, 52790, 52805, 52810, 52815, 52830, 
52835, 52850, 52855, 52870, 52875, 52880, 52885, 52895, 52900, 
52915, 52920, 52925, 52935, 52950, 52955, 52965, 52970, 52985, 
52990, 52995, 53000, 53005, 53010, 53015, 53020, 53025, 53030, 
53035, 53040, 53045, 53050, 53065, 53075, 53090, 53095, 53110, 
53115, 53125, 53135, 53140, 53145, 53150, 53160, 53165, 53170, 
53185, 53190, 53195, 53200, 53215, 53230, 53235, 53245, 53260, 
53261, 53266, 53276, 53291, 53306, 53316, 53321, 53326, 53341, 
53346, 53356, 53361, 53376, 53381, 53396, 53406, 53411, 53421, 
53426, 53431, 53446, 53451, 53456, 53471, 53486, 53491, 53496, 
53501, 53506, 53521, 53536, 53551, 53556, 53571, 55980, 55985, 
56000, 56005, 56010, 56020, 56025, 56040, 56045, 56050, 56055, 
56070, 56075, 56085, 56090, 56095, 56100, 56115, 56120, 56125, 
56130, 56135, 56140, 56145, 56155, 56160, 56170, 56175, 56190, 
56195, 56200, 56205, 56210, 56215, 56230, 56235, 56240, 56255, 
56260, 56265, 56270, 56275, 56280, 56285, 56290, 56295, 56310, 
56320, 56325, 56330, 56335, 56340, 56345, 56360, 56370, 56375, 
56380, 56385, 56390, 56405, 56541, 56546, 56551, 56566, 56571, 
56576, 56581, 56586, 56591, 56596, 56606, 56616, 56631, 56641, 
56646, 56656, 56661, 56666, 56681, 56691, 56696, 56701, 56716, 
56721, 56726, 56736, 56751, 56756, 56761, 56766, 56771, 56776, 
56786, 56796, 56801, 56806, 56816, 56821, 56826, 56831, 56841, 
56851, 56856, 56861, 56871, 56876, 56881, 56891, 56896, 56901, 
56916, 56921, 56936, 56940, 56945, 56950, 56955, 56965, 56970, 
56975, 56980, 56985, 56995, 57000, 57005, 57015, 57020, 57025, 
57030, 57040, 57050, 57060, 57065, 57080, 57085, 57090, 57095, 
57100, 57105, 57115, 38640, 38645, 38650, 38655, 38660, 38670, 
38675, 38690, 38700, 38705, 38710, 38715, 38730, 38735, 38750, 
38755, 38765, 38775, 38780, 38785, 38790, 38795, 38810, 38820, 
38830, 38840, 38845, 38850, 38855, 38860, 38865, 38870, 38875, 
38880, 38885, 38890, 38895, 38905, 38915, 38920, 38925, 38935, 
38940, 38950, 38955, 38960, 38965, 38975, 38980, 38995, 39000, 
39005, 39015, 39020, 39025, 39030, 39035, 39040, 39045, 39060, 
39075, 39090, 39105, 39110, 39120, 39135, 39145, 39150, 39155, 
39160, 39175, 39180, 39195, 39210, 39225, 39230, 39235, 39240, 
39255, 39265, 39271, 39276, 39281, 39286, 39291, 39301, 39311, 
39326, 39331, 39336, 39341, 39346, 39351, 39366, 39381, 39386, 
39396, 39401, 39416, 39426, 39431, 39436, 39441, 39456, 39461, 
39471, 39476, 39481, 39486, 39501, 39506, 39521, 39526, 39531, 
39536, 39541, 39546, 39561, 39571, 39576, 39581, 39596, 39601, 
39606, 39611, 39616, 39621, 39636, 39641, 39646, 39651, 39656, 
39671, 39676, 39681, 39686, 39696, 39706, 41471, 41476, 41481, 
41486, 41491, 41496, 41506, 41511, 41521, 41526, 41531, 41536, 
41541, 41551, 41556, 41561, 41566, 41571, 41576, 41581, 41586, 
41591, 41596, 41601, 41606, 41611, 41616, 41621, 41626, 41631, 
41636, 41641, 41646, 41656, 41661, 41666, 41671, 41681, 41686, 
41691, 41696, 41701, 41706, 41711, 41721, 41726, 41731, 41736, 
41746, 41761, 41766, 41771, 41776, 41781, 41796, 41801, 41806, 
41811, 41816, 41826, 41831, 41841, 41846, 41851, 41856, 41861, 
41866, 41871, 41876, 41881, 41886, 41891, 41896, 41906, 41921, 
41926, 41931, 41946, 41956, 41961, 41966, 41981, 41996, 42001, 
42006, 42016, 42021, 42026, 42032, 42037, 42042, 42047, 42052, 
42057, 42072, 42077, 42082, 42092, 42097, 42102, 42117, 42122, 
42137, 42142, 42147, 42152, 42157, 42162, 42172, 42182, 42187, 
42202, 42207, 42217, 42222, 42227, 42232, 42237, 42242, 42247, 
42252, 42257, 42267, 42282, 42287, 42297, 42302, 42317, 42327, 
42332, 42347, 42352, 42357, 42372, 42387, 42397, 42402, 42407, 
42412, 42417, 42422, 42437, 42442, 42452, 42467, 42472, 42477, 
42482, 42487, 42497, 42502, 42507, 42512, 42522, 42537, 45542, 
45552, 45557, 45567, 45577, 45582, 45587, 45592, 45597, 45607, 
45612, 45622, 45632, 45637, 45642, 45647, 45652, 45657, 45667, 
45672, 45677, 45682, 45687, 45702, 45717, 45727, 45737, 45742, 
45757, 45762, 45777, 45782, 45792, 45797, 45802, 45807, 45813, 
45818, 45833, 45838, 45848, 45853, 45863, 45868, 45873, 45878, 
45893, 45898, 45913, 45918, 45923, 45928, 45943, 45958, 45963, 
45968, 45973, 45978, 45993, 45998, 46003, 46010, 46015, 46025, 
46030, 46040, 46050, 46055, 46060, 46065, 46070, 46075, 46090, 
46095, 46100, 46105, 46115, 46130, 46135, 46150, 46160, 46165, 
46170, 46175, 46180, 46185, 46200, 46210, 46215, 46220, 46225, 
46230, 46235, 46245, 46255, 46265, 46270, 46275, 46280, 46295, 
46300, 46315, 46320, 46325, 46335, 46340, 46345, 46350, 46355, 
46360, 46365, 46380, 46385, 46400, 46415, 46420, 46435, 46445, 
46460, 46470, 46475, 46480, 46485, 46490, 46505, 46510, 46520, 
46525, 46535, 46540, 46545, 46560, 46565, 46570, 46575, 46580, 
46585, 46590, 46600, 46605, 46610, 46616, 46621, 46631, 46636, 
46641, 46646, 46651, 46656, 46671, 46676, 59523, 59528, 59543, 
59553, 59563, 59568, 59573, 59578, 59583, 59588, 59593, 59603, 
59608, 59613, 59618, 59628, 59633, 59638, 59643, 59648, 59663, 
59668, 59673, 59683, 59693, 59698, 59703, 59708, 59713, 59718, 
59723, 59733, 59738, 59743, 59748, 59753, 59758, 59763, 59768, 
59773, 59778, 59783, 59798, 59808, 59818, 59823, 59828, 59843, 
59853, 59863, 59878, 59883, 59888, 59903, 59918, 59923, 59938, 
59953, 59963, 59978, 59988, 60003, 60008, 60013, 60028, 60033, 
60038, 60048, 60053, 60058, 60063, 60068, 60073, 60078, 60083, 
60088, 60093, 60103, 60108, 60118, 60123, 60128, 60133, 60138, 
60143, 60158, 60168, 60178, 60188, 60193, 60208, 60223, 60228, 
60238, 60253, 60268, 60278, 60293, 60298, 60303, 60308, 60318, 
60333, 60348, 60353, 60358, 60363, 60368, 60383, 60398, 60408, 
60418, 60433, 60438, 60443, 60448, 60463, 60468, 60473, 60483, 
60488, 60493, 60498, 60503, 60508, 60523, 60538, 60548, 60558, 
60563, 60569, 60574, 60589, 60594, 60599, 60609, 60619, 60624, 
60629, 60644, 60649, 60654, 60659, 60664, 60669, 60674, 60689, 
60694, 60699, 60704, 60709, 60714, 60724, 60729, 60739, 60744, 
60749, 60759, 60764, 60774, 60779, 55514, 55519, 55524, 55534, 
55539, 55544, 55549, 55554, 55559, 55564, 55579, 55594, 55604, 
55619, 55624, 55634, 55644, 55654, 55664, 55669, 55674, 55679, 
55684, 55689, 55694, 55704, 55709, 55719, 55724, 55739, 55744, 
55749, 55754, 55759, 55769, 55774, 55779, 55784, 55794, 55804, 
55819, 55829, 55834, 55844, 55854, 55859, 55864, 55869, 55879, 
55884, 55889, 55894, 55904, 55909, 55914, 55919, 55924, 55934, 
55939, 55944, 55949, 55954, 55959, 55964, 55969, 55974, 55979, 
55984, 55989, 55994, 55999, 56004, 56014, 56019, 56024, 56029, 
56039, 56049, 56054, 56059, 56064, 56079, 56084, 56089, 56094, 
56104, 56109, 56119, 56124, 56129, 56139, 56144, 56149, 56154, 
56164, 56169, 56174, 56179, 56184, 56189, 56194, 56199, 56204, 
56209, 56214, 56224, 56229, 56239, 56244, 56249, 56259, 56269, 
56274, 56284, 56299, 56314, 56319, 56324, 56329, 56334, 56339, 
56344, 56349, 56354, 56359, 56364, 56369, 56374, 56379, 56389, 
56394, 56399, 56404, 56409, 56424, 56429, 56444, 56449, 56454, 
56459, 56474, 56479, 56484, 56494, 56499, 56504, 56509, 56524, 
56529, 56534, 56539, 56544, 56559, 56565, 56570, 56575), units = "secs", class = c("hms", 
"difftime")), `Heart Rate` = c(72, 71, 72, 73, 74, 72, 74, 75, 
72, 72, 73, 74, 72, 72, 73, 71, 72, 73, 75, 77, 78, 80, 82, 84, 
83, 82, 84, 85, 86, 77, 76, 74, 73, 71, 70, 70, 69, 70, 71, 72, 
74, 75, 76, 77, 80, 82, 84, 87, 84, 80, 81, 81, 82, 80, 78, 78, 
81, 82, 83, 82, 84, 84, 85, 84, 83, 81, 79, 78, 77, 77, 76, 78, 
79, 80, 81, 82, 83, 83, 84, 83, 82, 83, 84, 84, 84, 85, 85, 82, 
80, 80, 81, 80, 79, 79, 77, 77, 77, 77, 78, 79, 78, 80, 81, 80, 
81, 82, 82, 82, 83, 82, 81, 80, 79, 80, 80, 81, 80, 79, 78, 79, 
80, 81, 82, 81, 80, 81, 79, 77, 78, 77, 77, 76, 75, 74, 73, 74, 
75, 74, 73, 73, 74, 73, 72, 71, 70, 70, 71, 72, 73, 72, 70, 71, 
70, 68, 68, 67, 66, 64, 64, 65, 65, 64, 63, 64, 66, 96, 95, 94, 
94, 94, 92, 90, 87, 87, 86, 84, 82, 80, 77, 78, 78, 79, 79, 79, 
74, 75, 78, 84, 84, 85, 84, 83, 83, 82, 81, 80, 77, 75, 76, 75, 
74, 74, 75, 75, 76, 75, 75, 74, 75, 76, 77, 75, 73, 73, 72, 70, 
69, 70, 71, 72, 74, 73, 72, 71, 72, 73, 72, 72, 71, 73, 76, 75, 
74, 75, 75, 76, 75, 73, 73, 72, 73, 76, 77, 76, 77, 76, 75, 77, 
78, 80, 79, 79, 78, 77, 76, 74, 77, 77, 76, 77, 76, 75, 76, 78, 
79, 79, 78, 78, 79, 80, 79, 79, 80, 81, 82, 81, 80, 79, 77, 77, 
78, 79, 79, 80, 81, 79, 77, 77, 76, 75, 72, 71, 70, 71, 69, 68, 
67, 66, 65, 65, 64, 67, 69, 70, 70, 69, 68, 97, 90, 89, 88, 87, 
84, 84, 85, 86, 87, 88, 87, 89, 87, 81, 80, 79, 76, 71, 73, 75, 
76, 81, 88, 91, 90, 91, 92, 93, 94, 95, 92, 89, 87, 86, 83, 81, 
81, 84, 85, 86, 92, 90, 87, 86, 87, 84, 85, 86, 87, 91, 93, 92, 
91, 89, 81, 82, 80, 82, 86, 88, 87, 89, 90, 84, 83, 86, 87, 89, 
94, 94, 93, 93, 94, 93, 82, 79, 78, 87, 89, 86, 82, 77, 81, 85, 
86, 84, 83, 84, 86, 86, 87, 88, 90, 90, 90, 91, 91, 91, 92, 93, 
92, 91, 89, 88, 87, 88, 86, 85, 85, 82, 80, 82, 83, 83, 84, 84, 
83, 83, 82, 83, 82, 82, 83, 81, 79, 73, 74, 73, 79, 80, 81, 81, 
83, 83, 85, 85, 86, 86, 83, 84, 83, 83, 82, 80, 79, 79, 79, 87, 
91, 93, 91, 83, 86, 87, 88, 89, 95, 95, 94, 94, 93, 92, 91, 90, 
89, 90, 89, 88, 89, 90, 89, 90, 91, 92, 89, 89, 90, 91, 92, 91, 
89, 87, 86, 87, 87, 86, 87, 88, 87, 85, 84, 82, 83, 84, 85, 84, 
83, 82, 83, 86, 87, 87, 86, 87, 88, 88, 86, 86, 86, 85, 84, 84, 
83, 81, 80, 81, 83, 85, 85, 90, 92, 91, 92, 91, 87, 86, 87, 88, 
87, 91, 92, 93, 92, 91, 92, 93, 91, 91, 91, 92, 93, 94, 94, 93, 
94, 95, 94, 93, 92, 90, 88, 89, 90, 91, 91, 90, 89, 88, 88, 87, 
90, 92, 92, 91, 90, 89, 89, 88, 89, 87, 88, 88, 90, 92, 93, 93, 
92, 92, 93, 94, 93, 92, 84, 85, 87, 88, 88, 88, 89, 86, 85, 84, 
86, 87, 87, 84, 84, 91, 92, 92, 91, 90, 91, 92, 92, 91, 92, 90, 
90, 89, 90, 93, 96, 95, 94, 93, 92, 90, 88, 91, 92, 95, 96, 95, 
94, 93, 94, 93, 91, 92, 93, 92, 91, 91, 91, 90, 87, 87, 88, 88, 
87, 87, 86, 86, 87, 88, 89, 89, 90, 89, 89, 90, 91, 90, 89, 88, 
88, 89, 88, 87, 89, 89, 90, 91, 90, 88, 88, 87, 88, 87, 89, 90, 
92, 90, 89, 89, 91, 93, 92, 94, 95, 94, 94, 95, 92, 91, 88, 85, 
83, 82, 84, 86, 88, 89, 90, 91, 89, 88, 89, 90, 91, 89, 87, 89, 
90, 89, 87, 87, 86, 86, 87, 89, 90, 91, 90, 92, 94, 91, 89, 90, 
89, 91, 90, 88, 86, 85, 84, 85, 86, 87, 88, 89, 91, 93, 92, 91, 
90, 94, 92, 87, 87, 86, 87, 86, 87, 90, 90, 89, 90, 91, 90, 89, 
90, 91, 92, 90, 88, 89, 90, 90, 91, 89, 90, 99, 106, 107, 106, 
109, 107, 106, 107, 99, 92, 89, 91, 94, 98, 101, 103, 106, 105, 
104, 103, 101, 100, 99, 99, 101, 99, 100, 99, 98, 96, 94, 92, 
92, 91, 90, 90, 91, 92, 91, 91, 89, 88, 89, 91, 91, 89, 89, 89, 
87, 86, 85, 83, 83, 85, 84, 83, 84, 80, 79, 80, 81, 81, 82, 83, 
84, 82, 80, 80, 81, 83, 85, 86, 86, 85, 84, 85, 84, 84, 84, 84, 
84, 84, 84, 84, 83, 83, 83, 84, 83, 84, 85, 85, 86, 88, 89, 88, 
86, 81, 77, 78, 78, 78, 79, 79, 81, 80, 80, 81, 83, 85, 84, 83, 
84, 87, 108, 111, 110, 110, 114, 115, 114, 120, 121, 123, 129, 
126, 122, 118, 116, 117, 118, 120, 116, 110, 109, 108, 106, 107, 
109, 111, 113, 112, 113, 115, 116, 114, 111, 111, 108, 104, 105, 
110, 108, 106, 105, 103, 107, 110, 111, 110, 112, 112, 109, 106, 
104, 110, 111, 113, 108, 97, 92, 90, 89, 88, 84, 81, 82, 81, 
80, 79, 80, 81, 83, 85, 90, 89, 89, 93, 94, 94, 92, 89, 88, 88, 
89, 92, 93, 94, 91, 89, 88, 87, 87, 88, 89, 89, 88, 89, 88, 90, 
91, 92, 92, 93, 93, 92, 93, 94, 95, 94, 93, 91, 90, 89, 87, 86, 
87, 88, 90, 91, 90, 89, 90, 89, 87, 86, 87, 89, 90, 91, 92, 93, 
93, 91, 90, 91, 90, 92, 91, 90, 91, 90, 89, 90, 91, 90, 90, 91, 
92, 93, 92, 90, 89, 87, 85, 86, 87, 90, 91, 90, 89, 85, 83, 82, 
83, 81, 84, 85, 86, 88, 89, 90, 91, 93, 94, 95, 94, 95, 96, 98, 
98, 98, 95, 93, 92, 92, 91, 91, 91, 92, 90, 87, 87, 87, 88, 88, 
90, 89, 90, 91, 90, 91, 89, 89, 90, 90, 91, 92, 93, 93, 93, 91, 
90, 89, 88, 88, 91, 89, 89, 92, 91, 90, 89, 92, 94, 97, 97, 95, 
93, 94, 95, 96, 95, 94, 95, 94, 94, 93, 92, 91, 89, 92, 93, 93, 
90, 89, 91, 93, 94, 95, 96, 97, 96, 95, 96, 97, 97, 98, 98, 96, 
97, 96, 95, 95, 94, 95, 91, 89, 90, 92, 92, 92, 91, 91, 92, 92, 
93, 94, 96, 94, 93, 93, 92, 93, 94, 90, 89, 90, 90, 90, 88, 89, 
89, 90, 89, 89, 88, 88, 87, 88, 90, 90, 92, 93, 92, 90, 88, 88, 
76, 75, 76, 77, 76, 75, 74, 75, 76, 77, 76, 76, 72, 66, 67, 68, 
69, 71, 72, 73, 73, 74, 74, 73, 74, 77, 78, 80, 79, 75, 74, 76, 
77, 79, 80, 84, 91, 94, 93, 87, 77, 76, 76, 77, 78, 79, 77, 77, 
75, 74, 76, 77, 76, 76, 76, 75, 75, 75, 77, 78, 77, 78, 79, 75, 
74, 73, 72, 71, 72, 73, 74, 75, 77, 78, 76, 67, 66, 64, 65, 66, 
67, 68, 69, 70, 71, 71, 72, 71, 70, 69, 69, 70, 71, 72, 72, 72, 
73, 73, 72, 73, 75, 76, 76, 75, 72, 71, 69, 70, 69, 69, 70, 71, 
70, 68, 69, 70, 72, 77, 68, 68, 69, 71, 72, 71, 69, 69, 69, 69, 
70, 71, 72, 73, 74, 75, 76, 77, 75, 73, 72, 73, 74, 74, 75, 76, 
77, 78, 77, 79, 80, 81, 80, 79, 78, 77, 78, 81, 62, 64, 65, 67, 
69, 89, 87, 88, 89, 90, 91, 90, 89, 88, 89, 88, 88, 89, 90, 92, 
93, 94, 95, 93, 90, 90, 91, 92, 93, 92, 94, 93, 92, 89, 89, 90, 
91, 92, 90, 91, 90, 89, 88, 89, 88, 91, 91, 91, 92, 93, 93, 94, 
92, 94, 96, 96, 97, 98, 96, 94, 96, 93, 94, 93, 96, 98, 96, 94, 
93, 94, 100, 101, 104, 106, 105, 102, 101, 101, 103, 106, 104, 
106, 109, 108, 106, 110, 106, 103, 96, 92, 93, 94, 92, 97, 100, 
101, 103, 105, 104, 105, 105, 103, 99, 97, 96, 95, 93, 91, 93, 
94, 92, 91, 92, 94, 95, 94, 95, 94, 95, 93, 94, 93, 91, 90, 89, 
91, 92, 95, 100, 101, 100, 99, 98, 97, 100, 104, 102, 99, 98, 
98, 97, 98, 96, 91, 90, 90, 92, 93, 94, 93, 92, 91, 91, 96, 95, 
94, 95, 95, 102, 106, 107), ID = c(101, 101, 101, 101, 101, 101, 
101, 101, 101, 101, 101, 101, 101, 101, 101, 101, 101, 101, 101, 
101, 101, 101, 101, 101, 101, 101, 101, 101, 101, 101, 101, 101, 
101, 101, 101, 101, 101, 101, 101, 101, 101, 101, 101, 101, 101, 
101, 101, 101, 101, 101, 101, 101, 101, 101, 101, 101, 101, 101, 
101, 101, 101, 101, 101, 101, 101, 101, 101, 101, 101, 101, 101, 
101, 101, 101, 101, 101, 101, 101, 101, 101, 101, 101, 101, 101, 
101, 101, 101, 101, 101, 101, 101, 101, 101, 101, 101, 101, 101, 
101, 101, 101, 101, 101, 101, 101, 101, 101, 101, 101, 101, 101, 
101, 101, 101, 101, 101, 101, 101, 101, 101, 101, 101, 101, 101, 
101, 101, 101, 101, 101, 101, 101, 101, 101, 101, 101, 101, 101, 
101, 101, 101, 101, 101, 101, 101, 101, 101, 101, 101, 101, 101, 
101, 101, 101, 101, 101, 101, 101, 101, 101, 101, 101, 101, 101, 
101, 101, 101, 102, 102, 102, 102, 102, 102, 102, 102, 102, 102, 
102, 102, 102, 102, 102, 102, 102, 102, 102, 102, 102, 102, 102, 
102, 102, 102, 102, 102, 102, 102, 102, 102, 102, 102, 102, 102, 
102, 102, 102, 102, 102, 102, 102, 102, 102, 102, 102, 102, 102, 
102, 102, 102, 102, 102, 102, 102, 102, 102, 102, 102, 102, 102, 
102, 102, 102, 102, 102, 102, 102, 102, 102, 102, 102, 102, 102, 
102, 102, 102, 102, 102, 102, 102, 102, 102, 102, 102, 102, 102, 
102, 102, 102, 102, 102, 102, 102, 102, 102, 102, 102, 102, 102, 
102, 102, 102, 102, 102, 102, 102, 102, 102, 102, 102, 102, 102, 
102, 102, 102, 102, 102, 102, 102, 102, 102, 102, 102, 102, 102, 
102, 102, 102, 102, 102, 102, 102, 102, 102, 102, 102, 102, 102, 
102, 102, 103, 103, 103, 103, 103, 103, 103, 103, 103, 103, 103, 
103, 103, 103, 103, 103, 103, 103, 103, 103, 103, 103, 103, 103, 
103, 103, 103, 103, 103, 103, 103, 103, 103, 103, 103, 103, 103, 
103, 103, 103, 103, 103, 103, 103, 103, 103, 103, 103, 103, 103, 
103, 103, 103, 103, 103, 103, 103, 103, 103, 103, 103, 103, 103, 
103, 103, 103, 103, 103, 103, 103, 103, 103, 103, 103, 103, 103, 
103, 103, 103, 103, 103, 103, 103, 103, 103, 103, 103, 103, 103, 
103, 103, 103, 103, 103, 103, 103, 103, 103, 103, 103, 103, 103, 
103, 103, 103, 103, 103, 103, 103, 103, 103, 103, 103, 103, 103, 
103, 103, 103, 103, 103, 103, 103, 103, 103, 103, 103, 103, 103, 
103, 103, 103, 103, 103, 103, 103, 103, 103, 103, 103, 103, 103, 
103, 103, 103, 103, 103, 103, 103, 103, 103, 103, 103, 104, 104, 
104, 104, 104, 104, 104, 104, 104, 104, 104, 104, 104, 104, 104, 
104, 104, 104, 104, 104, 104, 104, 104, 104, 104, 104, 104, 104, 
104, 104, 104, 104, 104, 104, 104, 104, 104, 104, 104, 104, 104, 
104, 104, 104, 104, 104, 104, 104, 104, 104, 104, 104, 104, 104, 
104, 104, 104, 104, 104, 104, 104, 104, 104, 104, 104, 104, 104, 
104, 104, 104, 104, 104, 104, 104, 104, 104, 104, 104, 104, 104, 
104, 104, 104, 104, 104, 104, 104, 104, 104, 104, 104, 104, 104, 
104, 104, 104, 104, 104, 104, 104, 104, 104, 104, 104, 104, 104, 
104, 104, 104, 104, 104, 104, 104, 104, 104, 104, 104, 104, 104, 
104, 104, 104, 104, 104, 104, 104, 104, 104, 104, 104, 104, 104, 
104, 104, 104, 104, 104, 104, 104, 104, 104, 104, 104, 104, 104, 
104, 105, 105, 105, 105, 105, 105, 105, 105, 105, 105, 105, 105, 
105, 105, 105, 105, 105, 105, 105, 105, 105, 105, 105, 105, 105, 
105, 105, 105, 105, 105, 105, 105, 105, 105, 105, 105, 105, 105, 
105, 105, 105, 105, 105, 105, 105, 105, 105, 105, 105, 105, 105, 
105, 105, 105, 105, 105, 105, 105, 105, 105, 105, 105, 105, 105, 
105, 105, 105, 105, 105, 105, 105, 105, 105, 105, 105, 105, 105, 
105, 105, 105, 105, 105, 105, 105, 105, 105, 105, 105, 105, 105, 
105, 105, 105, 105, 105, 105, 105, 105, 105, 105, 105, 105, 105, 
105, 105, 105, 105, 105, 105, 105, 105, 105, 105, 105, 105, 105, 
105, 105, 105, 105, 105, 105, 105, 105, 105, 105, 105, 105, 105, 
105, 105, 105, 105, 105, 105, 105, 105, 105, 105, 105, 106, 106, 
106, 106, 106, 106, 106, 106, 106, 106, 106, 106, 106, 106, 106, 
106, 106, 106, 106, 106, 106, 106, 106, 106, 106, 106, 106, 106, 
106, 106, 106, 106, 106, 106, 106, 106, 106, 106, 106, 106, 106, 
106, 106, 106, 106, 106, 106, 106, 106, 106, 106, 106, 106, 106, 
106, 106, 106, 106, 106, 106, 106, 106, 106, 106, 106, 106, 106, 
106, 106, 106, 106, 106, 106, 106, 106, 106, 106, 106, 106, 106, 
106, 106, 106, 106, 106, 106, 106, 106, 106, 106, 106, 106, 106, 
106, 106, 106, 106, 106, 106, 106, 106, 106, 106, 106, 106, 106, 
106, 106, 106, 106, 106, 106, 106, 106, 106, 106, 106, 106, 106, 
106, 106, 106, 106, 106, 106, 106, 106, 106, 106, 106, 106, 106, 
106, 106, 106, 106, 106, 106, 107, 107, 107, 107, 107, 107, 107, 
107, 107, 107, 107, 107, 107, 107, 107, 107, 107, 107, 107, 107, 
107, 107, 107, 107, 107, 107, 107, 107, 107, 107, 107, 107, 107, 
107, 107, 107, 107, 107, 107, 107, 107, 107, 107, 107, 107, 107, 
107, 107, 107, 107, 107, 107, 107, 107, 107, 107, 107, 107, 107, 
107, 107, 107, 107, 107, 107, 107, 107, 107, 107, 107, 107, 107, 
107, 107, 107, 107, 107, 107, 107, 107, 107, 107, 107, 107, 107, 
107, 107, 107, 107, 107, 107, 107, 107, 107, 107, 107, 107, 107, 
107, 107, 107, 107, 107, 107, 107, 107, 107, 107, 107, 107, 107, 
107, 107, 107, 107, 107, 107, 107, 107, 107, 107, 107, 107, 107, 
107, 107, 107, 107, 107, 107, 107, 107, 107, 107, 107, 107, 107, 
107, 107, 107, 107, 107, 107, 107, 107, 107, 107, 107, 107, 107, 
107, 107, 107, 107, 107, 201, 201, 201, 201, 201, 201, 201, 201, 
201, 201, 201, 201, 201, 201, 201, 201, 201, 201, 201, 201, 201, 
201, 201, 201, 201, 201, 201, 201, 201, 201, 201, 201, 201, 201, 
201, 201, 201, 201, 201, 201, 201, 201, 201, 201, 201, 201, 201, 
201, 201, 201, 201, 201, 201, 201, 201, 201, 201, 201, 201, 201, 
201, 201, 201, 201, 201, 201, 201, 201, 201, 201, 201, 201, 201, 
201, 201, 201, 201, 201, 201, 201, 201, 201, 201, 201, 201, 201, 
201, 201, 201, 201, 201, 201, 201, 201, 201, 201, 201, 201, 201, 
201, 201, 201, 201, 201, 201, 201, 201, 201, 201, 201, 201, 201, 
201, 201, 201, 201, 201, 201, 201, 201, 201, 201, 201, 201, 201, 
201, 201, 201, 201, 201, 201, 201, 201, 201, 201, 201, 201, 201, 
201, 201, 201, 201, 201, 201, 201, 201, 201, 201, 201, 201, 201, 
202, 202, 202, 202, 202, 202, 202, 202, 202, 202, 202, 202, 202, 
202, 202, 202, 202, 202, 202, 202, 202, 202, 202, 202, 202, 202, 
202, 202, 202, 202, 202, 202, 202, 202, 202, 202, 202, 202, 202, 
202, 202, 202, 202, 202, 202, 202, 202, 202, 202, 202, 202, 202, 
202, 202, 202, 202, 202, 202, 202, 202, 202, 202, 202, 202, 202, 
202, 202, 202, 202, 202, 202, 202, 202, 202, 202, 202, 202, 202, 
202, 202, 202, 202, 202, 202, 202, 202, 202, 202, 202, 202, 202, 
202, 202, 202, 202, 202, 202, 202, 202, 202, 202, 202, 202, 202, 
202, 202, 202, 202, 202, 202, 202, 202, 202, 202, 202, 202, 202, 
202, 202, 202, 202, 202, 202, 202, 202, 202, 202, 202, 202, 202, 
202, 202, 202, 202, 202, 202, 202, 202, 202, 202, 202, 202, 202, 
202, 202, 202, 202, 202, 202, 202, 202, 202, 202, 202, 202, 202, 
202, 202, 202, 202, 202, 203, 203, 203, 203, 203, 203, 203, 203, 
203, 203, 203, 203, 203, 203, 203, 203, 203, 203, 203, 203, 203, 
203, 203, 203, 203, 203, 203, 203, 203, 203, 203, 203, 203, 203, 
203, 203, 203, 203, 203, 203, 203, 203, 203, 203, 203, 203, 203, 
203, 203, 203, 203, 203, 203, 203, 203, 203, 203, 203, 203, 203, 
203, 203, 203, 203, 203, 203, 203, 203, 203, 203, 203, 203, 203, 
203, 203, 203, 203, 203, 203, 203, 203, 203, 203, 203, 203, 203, 
203, 203, 203, 203, 203, 203, 203, 203, 203, 203, 203, 203, 203, 
203, 203, 203, 203, 203, 203, 203, 203, 203, 203, 203, 203, 203, 
203, 203, 203, 203, 203, 203, 203, 203, 203, 203, 203, 203, 203, 
203, 203, 203, 203, 203, 203, 203, 203, 203, 203, 203, 203, 203, 
203, 203, 203, 203, 203, 203, 203, 203, 203, 203, 203, 203, 203, 
203, 203, 203, 203, 203)), class = c("tbl_df", "tbl", "data.frame"
), row.names = c(NA, -1506L))
